-0.333333 -0.333333
0.333333 -0.333333
0.333333 0.333333
-0.333333 0.333333
-1 -1
1 -1
1 1
-1 1
194 194
305 194
305 305
194 305
83 83
416 83
416 416
83 416
194 194 305 305 0
305 305 305 194 1
305 194 194 194 2
194 194 194 305 3
194 305 305 305 4
305 305 194 194 5
83 416 416 83 6
416 83 416 416 7
416 416 83 416 8
83 416 83 83 9
83 83 416 83 10
416 83 83 416 11
194 194 83 416 12
83 416 194 305 13
194 305 194 194 14
194 194 83 83 15
83 83 83 416 16
83 416 194 194 17
305 194 416 416 18
416 416 416 83 19
416 83 305 194 20
305 194 305 305 21
305 305 416 416 22
416 416 305 194 23
194 194 416 83 24
416 83 83 83 25
83 83 194 194 26
194 194 305 194 27
305 194 416 83 28
416 83 194 194 29
194 305 416 416 30
416 416 305 305 31
305 305 194 305 32
194 305 83 416 33
83 416 416 416 34
416 416 194 305 35
